# This file may be used to create an environment using:
# $ conda create --name <env> --file <this file>
# platform: win-64
# created-by: conda 24.11.3
annotated-types=0.7.0=pypi_0
asttokens=3.0.0=pyhd8ed1ab_1
async-timeout=4.0.3=pypi_0
bzip2=1.0.8=h2466b09_7
ca-certificates=2025.1.31=h56e8100_0
certifi=2025.1.31=pypi_0
charset-normalizer=3.4.1=pypi_0
colorama=0.4.6=pyhd8ed1ab_1
comm=0.2.2=pyhd8ed1ab_1
cpython=3.9.21=py39hd8ed1ab_2
debugpy=1.8.13=py39ha51f57c_0
decorator=5.2.1=pyhd8ed1ab_0
distro=1.9.0=pypi_0
exceptiongroup=1.2.2=pyhd8ed1ab_1
executing=2.1.0=pyhd8ed1ab_1
greenlet=3.1.1=pypi_0
idna=3.10=pypi_0
importlib-metadata=8.6.1=pyha770c72_0
ipykernel=6.29.5=pyh4bbf305_0
ipython=8.18.1=pyh7428d3b_3
jedi=0.19.2=pyhd8ed1ab_1
jiter=0.9.0=pypi_0
jsonpatch=1.33=pypi_0
jupyter_client=8.6.3=pyhd8ed1ab_1
jupyter_core=5.7.2=pyh5737063_1
krb5=1.21.3=hdf4eb48_0
langchain=0.3.23=pypi_0
langchain-core=0.3.51=pypi_0
langchain-deepseek=0.1.3=pypi_0
langchain-openai=0.3.12=pypi_0
langchain-text-splitters=0.3.8=pypi_0
langsmith=0.3.31=pypi_0
libffi=3.4.6=h537db12_1
liblzma=5.8.1=h2466b09_0
libsodium=1.0.20=hc70643c_0
libsqlite=3.49.1=h67fdade_2
libzlib=1.3.1=h2466b09_2
matplotlib-inline=0.1.7=pyhd8ed1ab_1
nest-asyncio=1.6.0=pyhd8ed1ab_1
openai=1.74.0=pypi_0
openssl=3.5.0=ha4e3fda_0
orjson=3.10.16=pypi_0
packaging=24.2=pyhd8ed1ab_2
parso=0.8.4=pyhd8ed1ab_1
pickleshare=0.7.5=pyhd8ed1ab_1004
pip=25.0.1=pyh8b19718_0
platformdirs=4.3.7=pyh29332c3_0
praw=7.8.1=pypi_0
prawcore=2.4.0=pypi_0
prompt-toolkit=3.0.50=pyha770c72_0
psutil=7.0.0=py39ha55e580_0
pure_eval=0.2.3=pyhd8ed1ab_1
pydantic=2.11.3=pypi_0
pydantic-core=2.33.1=pypi_0
pygments=2.19.1=pyhd8ed1ab_0
python=3.9.21=hfdde91d_2_cpython
python-dateutil=2.9.0.post0=pyhff2d567_1
python_abi=3.9=6_cp39
pywin32=307=py39ha51f57c_3
pyzmq=26.4.0=py39h03e5c00_0
regex=2024.11.6=pypi_0
requests=2.32.3=pypi_0
requests-toolbelt=1.0.0=pypi_0
retrying=1.3.4=pypi_0
setuptools=78.1.0=pyhff2d567_0
six=1.17.0=pyhd8ed1ab_0
sqlalchemy=2.0.40=pypi_0
stack_data=0.6.3=pyhd8ed1ab_1
tenacity=9.1.2=pypi_0
tiktoken=0.9.0=pypi_0
tk=8.6.13=h5226925_1
tornado=6.4.2=py39ha55e580_0
tqdm=4.67.1=pypi_0
traitlets=5.14.3=pyhd8ed1ab_1
typing-inspection=0.4.0=pypi_0
typing_extensions=4.13.1=pyh29332c3_0
tzdata=2025b=h78e105d_0
ucrt=10.0.22621.0=h57928b3_1
update-checker=0.18.0=pypi_0
urllib3=2.3.0=pypi_0
vc=14.3=h2b53caa_26
vc14_runtime=14.42.34438=hfd919c2_26
wcwidth=0.2.13=pyhd8ed1ab_1
wheel=0.45.1=pyhd8ed1ab_1
zeromq=4.3.5=ha9f60a1_7
zipp=3.21.0=pyhd8ed1ab_1
zstandard=0.23.0=pypi_0
